#year delta_14c
1890.5 -0.002
1891.5 -0.002
1892.5 -0.002
1893.5 -0.002
1894.5 -0.002
1895.5 -0.002
1896.5 -0.00233
1897.5 -0.00267
1898.5 -0.003
1899.5 -0.00333
1900.5 -0.00367
1901.5 -0.004
1902.5 -0.00433
1903.5 -0.00467
1904.5 -0.005
1905.5 -0.00533
1906.5 -0.00567
1907.5 -0.006
1908.5 -0.00633
1909.5 -0.00667
1910.5 -0.007
1911.5 -0.00733
1912.5 -0.00767
1913.5 -0.008
1914.5 -0.00833
1915.5 -0.00867
1916.5 -0.009
1917.5 -0.00933
1918.5 -0.00967
1919.5 -0.01
1920.5 -0.01033
1921.5 -0.01067
1922.5 -0.011
1923.5 -0.01133
1924.5 -0.01167
1925.5 -0.012
1926.5 -0.01233
1927.5 -0.01267
1928.5 -0.013
1929.5 -0.01333
1930.5 -0.01367
1931.5 -0.014
1932.5 -0.01433
1933.5 -0.01467
1934.5 -0.015
1935.5 -0.01533
1936.5 -0.01567
1937.5 -0.016
1938.5 -0.016329999999999997
1939.5 -0.01667
1940.5 -0.0202
1941.5 -0.019399999999999997
1942.5 -0.019600000000000003
1943.5 -0.0225
1944.5 -0.0217
1945.5 -0.0221
1946.5 -0.0216
1947.5 -0.0211
1948.5 -0.0223
1949.5 -0.0246
1950.5 -0.0248
1951.5 -0.0248
1952.5 -0.0249
1953.5 -0.023899999999999998
1954.5 -0.0211
1955.5 -0.008199999999999999
1956.5 0.0265
1957.5 0.073
1958.5 0.1402
1959.0 0.1999986982978732
1959.5 0.2474982322701998
1960.0 0.21228536431461525
1960.5 0.22033265973931987
1961.0 0.2083331618888383
1961.5 0.22433305498907496
1962.0 0.26139867469469785
1962.5 0.39200114767678695
1963.0 0.45442693776266013
1963.5 0.8155453462839437
1964.0 0.7985017642117815
1964.5 0.881833403713746
1965.0 0.7720000357343012
1965.5 0.7745001494954744
1966.0 0.7065009144766763
1966.5 0.7105001364896322
1967.0 0.6396643188477754
1967.5 0.6292019253251494
1968.0 0.5896652303078451
1968.5 0.5661430012484681
1969.0 0.5449990602845884
1969.5 0.5445006588959215
1970.0 0.5407120118466363
1970.5 0.5323337765978196
1971.0 0.5018324740494051
1971.5 0.5060000034468087
1972.0 0.48100166122018
1972.5 0.4686660405462151
1973.0 0.4278900638827762
1973.5 0.41700161197537944
1974.0 0.41999715728042875
1974.5 0.402496439392232
1975.0 0.3773326419505808
1975.5 0.36966638500127424
1976.0 0.3615006673797781
1976.5 0.35119935855615997
1977.0 0.3403008475005669
1977.5 0.33609048634281424
1978.0 0.32116787998860485
1978.5 0.3251864385650857
1979.0 0.3156674141186526
1979.5 0.2908460584803902
1980.0 0.28000144800425775
1980.5 0.26442755216101854
1981.0 0.25266637267269826
1981.5 0.2601124553644903
1982.0 0.24380145886662186
1982.5 0.2376926556947189
1983.0 0.2331656543115662
1983.5 0.22727221313625937
1984.0 0.208198954738649
1984.5 0.20576939879112768
1985.0 0.19899849597329022
1985.5 0.19784622872085525
1986.0 0.18508319109369525
1986.5 0.18564878594204154
1987.0 0.18296479999999998
1987.5 0.18344966666666668
1988.0 0.17595141666666667
1988.5 0.17016333333333333
1989.0 0.1691696166666667
1989.5 0.16401388333333333
1990.0 0.1559675
1990.5 0.15206865
1991.0 0.14497091666666667
1991.5 0.14216495
1992.0 0.13669691666666667
1992.5 0.13543500000000003
1993.0 0.1317732
1993.5 0.12721733333333332
1994.0 0.12157216666666666
1994.5 0.1216447
1995.0 0.11861826666666667
1995.5 0.11607200000000001
1996.0 0.11209948333333333
1996.5 0.10829538333333334
1997.0 0.10395293333333334
1997.5 0.10187043833333333
1998.0 0.09988562166666667
1998.5 0.10116362500000001
1999.0 0.098513405
1999.5 0.09564731333333333
2000.0 0.09225916333333334
2000.5 0.088788875
2001.0 0.08368231166666666
2001.5 0.08133978833333334
2002.0 0.07906036166666668
2002.5 0.07803534666666667
2003.0 0.071606
2003.5 0.07054817
2004.0 0.06608514333333333
2004.5 0.06359782833333333
2005.0 0.06198346666666667
2005.5 0.06041673833333334
2006.0 0.05798044833333334
2006.5 0.05808894166666667
2007.0 0.05396575333333333
2007.5 0.05263241833333333
2008.0 0.05066485833333333
2008.5 0.046549715
2009.0 0.04499873666666667
2009.5 0.046835328333333336
2010.0 0.044236643333333325
2010.5 0.043336666666666676
2011.0 0.040719436666666664
2011.5 0.036529360000000004
2012.0 0.033592745
2012.5 0.030235543333333337
2013.0 0.025364611666666672
2013.5 0.023888851666666665
2014.0 0.021306265
2014.5 0.019660521666666663
2015.0 0.017163316666666668
2015.5 0.012538956666666665
2016.0 0.010586578888888887
2016.5 0.010339000000000003
2017.0 0.009064
2017.5 0.00765125
2018.0 0.004817999999999999
2018.5 0.002136666666666667
2019.0 -0.0021419278761422903
2019.5 -0.004660519669449059
2020.0 -0.007179111462757647
